0.83870967741935490000 0.09708436724565757000, 1  		| IMAGE: 20 BOX: (961.0, 565.0)
0.38961038961038963000 0.10822510822510822000, 1  		| IMAGE: 21 BOX: (1076.0, 562.5)
0.75000000000000000000 0.16666666666666666000, 1  		| IMAGE: 22 BOX: (957.0, 551.0)
1.40000000000000000000 0.34603174603174600000, 1  		| IMAGE: 23 BOX: (1079.5, 542.5)
2.10000000000000000000 0.37619047619047624000, 1  		| IMAGE: 24 BOX: (967.5, 550.0)
1.13333333333333330000 0.22745098039215686000, 1  		| IMAGE: 25 BOX: (965.5, 522.5)
1.16666666666666670000 0.38095238095238093000, 1  		| IMAGE: 26 BOX: (876.5, 630.0)
1.00000000000000000000 0.62500000000000000000, 1  		| IMAGE: 27 BOX: (881.0, 558.0)
1.33333333333333330000 0.43750000000000000000, 1  		| IMAGE: 28 BOX: (983.0, 560.0)
2.14285714285714300000 0.47619047619047620000, 1  		| IMAGE: 29 BOX: (875.5, 617.5)
0.71428571428571430000 0.08888888888888889000, 1  		| IMAGE: 30 BOX: (952.0, 527.0)
0.28571428571428570000 0.29357142857142860000, 1  		| IMAGE: 32 BOX: (954.0, 561.0)
1.33333333333333330000 0.52083333333333330000, 1  		| IMAGE: 34 BOX: (889.0, 543.0)
0.64000000000000000000 0.11062500000000000000, 1  		| IMAGE: 35 BOX: (965.0, 564.0)
0.48648648648648650000 0.12349849849849849000, 1  		| IMAGE: 36 BOX: (934.0, 548.0)
0.38888888888888890000 0.13492063492063490000, 1  		| IMAGE: 37 BOX: (917.0, 561.0)
0.41463414634146340000 0.13307030129124822000, 1  		| IMAGE: 39 BOX: (966.0, 456.0)
