0.47058823529411764000 0.21139705882352940000, 1  		| IMAGE: 0 BOX: (958.0, 548.0)
0.73684210526315790000 0.20676691729323307000, 1 		| IMAGE: 1 BOX: (953.0, 550.5)
0.54929577464788740000 0.10283495846876128000, 1  		| IMAGE: 2 BOX: (1598.0, 609.0)
0.63636363636363640000 0.20698051948051950000, 1		| IMAGE: 3 BOX: (615.0, 570.0)
0.83333333333333340000 0.11018518518518519000, 1 		| IMAGE: 4 BOX: (932.0, 552.0)
0.54901960784313730000 0.13305322128851540000, 1  		| IMAGE: 5 BOX: (961.0, 526.5)
0.56250000000000000000 0.21006944444444442000, 1		| IMAGE: 7 BOX: (1043.0, 519.0)
0.53465346534653470000 0.08085808580858085000, 1  		| IMAGE: 8 BOX: (1114.0, 619.5)
0.97560975609756100000 0.19146341463414634000, 1  		| IMAGE: 10 BOX: (960.0, 340.5)
0.44444444444444440000 0.13477366255144033000, 1 		| IMAGE: 11 BOX: (894.0, 585.5)
0.51136363636363640000 0.16464646464646465000, 1  		| IMAGE: 12 BOX: (940.5, 476.0)
0.80000000000000000000 0.17812500000000000000, 1  		| IMAGE: 14 BOX: (980.0, 548.0)
0.47368421052631576000 0.10233918128654970000, 1  		| IMAGE: 15 BOX: (937.0, 555.0)
0.61818181818181820000 0.16631016042780750000, 1 		| IMAGE: 17 BOX: (988.0, 560.5)
1.23076923076923080000 0.21875000000000000000, 1  		| IMAGE: 18 BOX: (975.0, 549.0)
0.77450980392156870000 0.03270042194092827000, 1  		| IMAGE: 19 BOX: (1244.0, 634.0)

