0.47058823529411764000 0.21139705882352940000, 1  		| IMAGE: 0 BOX: (958.0, 548.0)
0.73684210526315790000 0.20676691729323307000, 1 		| IMAGE: 1 BOX: (953.0, 550.5)
0.54929577464788740000 0.10283495846876128000, 1  		| IMAGE: 2 BOX: (1598.0, 609.0)
0.63636363636363640000 0.20698051948051950000, 1		| IMAGE: 3 BOX: (615.0, 570.0)
0.83333333333333340000 0.11018518518518519000, 1 		| IMAGE: 4 BOX: (932.0, 552.0)
0.54901960784313730000 0.13305322128851540000, 1  		| IMAGE: 5 BOX: (961.0, 526.5)
0.56250000000000000000 0.21006944444444442000, 1		| IMAGE: 7 BOX: (1043.0, 519.0)
0.53465346534653470000 0.08085808580858085000, 1  		| IMAGE: 8 BOX: (1114.0, 619.5)
0.97560975609756100000 0.19146341463414634000, 1  		| IMAGE: 10 BOX: (960.0, 340.5)
0.44444444444444440000 0.13477366255144033000, 1 		| IMAGE: 11 BOX: (894.0, 585.5)
0.51136363636363640000 0.16464646464646465000, 1  		| IMAGE: 12 BOX: (940.5, 476.0)
0.80000000000000000000 0.17812500000000000000, 1  		| IMAGE: 14 BOX: (980.0, 548.0)
0.47368421052631576000 0.10233918128654970000, 1  		| IMAGE: 15 BOX: (937.0, 555.0)
0.61818181818181820000 0.16631016042780750000, 1 		| IMAGE: 17 BOX: (988.0, 560.5)
1.23076923076923080000 0.21875000000000000000, 1  		| IMAGE: 18 BOX: (975.0, 549.0)
0.77450980392156870000 0.03270042194092827000, 1  		| IMAGE: 19 BOX: (1244.0, 634.0)
0.83870967741935490000 0.09708436724565757000, 1  		| IMAGE: 20 BOX: (961.0, 565.0)
0.38961038961038963000 0.10822510822510822000, 1  		| IMAGE: 21 BOX: (1076.0, 562.5)
0.75000000000000000000 0.16666666666666666000, 1  		| IMAGE: 22 BOX: (957.0, 551.0)
1.40000000000000000000 0.34603174603174600000, 1  		| IMAGE: 23 BOX: (1079.5, 542.5)
2.10000000000000000000 0.37619047619047624000, 1  		| IMAGE: 24 BOX: (967.5, 550.0)
1.13333333333333330000 0.22745098039215686000, 1  		| IMAGE: 25 BOX: (965.5, 522.5)
1.16666666666666670000 0.38095238095238093000, 1  		| IMAGE: 26 BOX: (876.5, 630.0)
1.00000000000000000000 0.62500000000000000000, 1  		| IMAGE: 27 BOX: (881.0, 558.0)
1.33333333333333330000 0.43750000000000000000, 1  		| IMAGE: 28 BOX: (983.0, 560.0)
2.14285714285714300000 0.47619047619047620000, 1  		| IMAGE: 29 BOX: (875.5, 617.5)
0.71428571428571430000 0.08888888888888889000, 1  		| IMAGE: 30 BOX: (952.0, 527.0)
0.28571428571428570000 0.29357142857142860000, 1  		| IMAGE: 32 BOX: (954.0, 561.0)
1.33333333333333330000 0.52083333333333330000, 1  		| IMAGE: 34 BOX: (889.0, 543.0)
0.64000000000000000000 0.11062500000000000000, 1  		| IMAGE: 35 BOX: (965.0, 564.0)
0.48648648648648650000 0.12349849849849849000, 1  		| IMAGE: 36 BOX: (934.0, 548.0)
0.38888888888888890000 0.13492063492063490000, 1  		| IMAGE: 37 BOX: (917.0, 561.0)
0.41463414634146340000 0.13307030129124822000, 1  		| IMAGE: 39 BOX: (966.0, 456.0)

