9.600, 0.118, 0.118, 0  		| IMAGE: 0 BOX: (548.0, 18.0)
0.833, 0.342, 0.342, 0  		| IMAGE: 0 BOX: (570.0, 165.0)
0.900, 0.589, 0.663, 0  		| IMAGE: 0 BOX: (656.5, 18.0)
1.000, 0.641, 0.641, 0  		| IMAGE: 0 BOX: (933.0, 365.0)
0.471, 0.211, 0.208, 0  		| IMAGE: 0 BOX: (958.0, 548.0)
1.143, 0.688, 1.875, 0  		| IMAGE: 0 BOX: (1060.0, 55.0)
2.060, 0.094, 0.541, 0  		| IMAGE: 0 BOX: (1203.0, 976.5)
1.167, 0.452, 0.528, 0  		| IMAGE: 0 BOX: (1318.5, 108.0)
1.730, 0.015, 0.000, 0  		| IMAGE: 1 BOX: (535.0, 44.0)
1.000, 0.640, 0.640, 0  		| IMAGE: 1 BOX: (656.0, 18.0)
1.000, 0.605, 0.750, 0  		| IMAGE: 1 BOX: (935.5, 374.5)
0.737, 0.207, 0.000, 0  		| IMAGE: 1 BOX: (953.0, 550.5)
1.143, 0.692, 1.875, 0  		| IMAGE: 1 BOX: (1060.0, 55.0)
1.469, 0.116, 0.491, 0  		| IMAGE: 1 BOX: (1236.0, 1000.0)
1.098, 0.187, 0.341, 0  		| IMAGE: 2 BOX: (343.5, 938.5)
1.345, 0.046, 0.389, 0  		| IMAGE: 2 BOX: (401.0, 819.0)
2.000, 0.375, 0.375, 0  		| IMAGE: 2 BOX: (415.0, 316.0)
11.750, 0.113, 0.113, 0  		| IMAGE: 2 BOX: (619.0, 17.0)
1.071, 0.619, 2.250, 0  		| IMAGE: 2 BOX: (1060.5, 55.0)
2.098, 0.151, 0.007, 0  		| IMAGE: 2 BOX: (1477.0, 230.5)
0.549, 0.103, 0.018, 0  		| IMAGE: 2 BOX: (1598.0, 609.0)
2.341, 0.178, 0.438, 0  		| IMAGE: 3 BOX: (499.0, 432.0)
11.750, 0.102, 0.102, 0  		| IMAGE: 3 BOX: (549.0, 19.0)
0.636, 0.207, 0.000, 0  		| IMAGE: 3 BOX: (615.0, 570.0)
1.309, 0.041, 0.000, 0  		| IMAGE: 3 BOX: (681.5, 950.0)
1.667, 0.683, 0.683, 0  		| IMAGE: 3 BOX: (656.0, 20.0)
4.000, 0.457, 0.457, 0  		| IMAGE: 3 BOX: (799.0, 787.0)
1.071, 0.657, 2.250, 0  		| IMAGE: 3 BOX: (1060.5, 55.0)
3.775, 0.121, 0.042, 0  		| IMAGE: 3 BOX: (1503.5, 192.0)
2.100, 0.187, 0.000, 0  		| IMAGE: 3 BOX: (1872.0, 270.0)
1.857, 0.090, 0.000, 0  		| IMAGE: 4 BOX: (462.0, 45.0)
9.800, 0.095, 0.095, 0  		| IMAGE: 4 BOX: (620.0, 18.0)
1.000, 0.500, 0.500, 0  		| IMAGE: 4 BOX: (775.0, 331.0)
0.833, 0.110, 0.000, 0  		| IMAGE: 4 BOX: (932.0, 552.0)
1.143, 0.683, 1.875, 0  		| IMAGE: 4 BOX: (1060.0, 55.0)
2.636, 0.277, 0.833, 0  		| IMAGE: 4 BOX: (1112.0, 1052.0)
1.804, 0.071, 0.311, 0  		| IMAGE: 4 BOX: (1218.0, 969.5)
5.654, 0.102, 0.039, 0  		| IMAGE: 5 BOX: (528.5, 14.0)
1.111, 0.433, 0.475, 0  		| IMAGE: 5 BOX: (656.0, 17.5)
0.549, 0.133, 0.000, 0  		| IMAGE: 5 BOX: (961.0, 526.5)
1.071, 0.619, 2.250, 0  		| IMAGE: 5 BOX: (1060.5, 55.0)
2.500, 0.378, 0.405, 0  		| IMAGE: 5 BOX: (1095.5, 268.0)
1.508, 0.092, 0.346, 0  		| IMAGE: 5 BOX: (1191.0, 989.5)
5.267, 0.048, 0.000, 0  		| IMAGE: 6 BOX: (521.0, 26.0)
0.875, 0.500, 0.562, 0  		| IMAGE: 6 BOX: (654.5, 19.0)
1.000, 0.531, 0.722, 0  		| IMAGE: 6 BOX: (765.5, 55.5)
9.400, 0.118, 0.118, 0  		| IMAGE: 7 BOX: (547.0, 18.0)
1.111, 0.589, 0.663, 0  		| IMAGE: 7 BOX: (656.0, 18.5)
0.625, 0.562, 0.562, 0  		| IMAGE: 7 BOX: (772.0, 968.0)
0.562, 0.210, 0.708, 0  		| IMAGE: 7 BOX: (1043.0, 519.0)
1.071, 0.662, 2.250, 0  		| IMAGE: 7 BOX: (1060.5, 55.0)
0.375, 0.615, 0.615, 0  		| IMAGE: 7 BOX: (1062.0, 284.0)
4.000, 0.138, 0.078, 0  		| IMAGE: 7 BOX: (1586.0, 114.0)
0.968, 0.203, 0.472, 0  		| IMAGE: 7 BOX: (1576.0, 252.5)
2.000, 0.163, 0.000, 0  		| IMAGE: 7 BOX: (1879.0, 153.0)
5.161, 0.055, 0.000, 0  		| IMAGE: 8 BOX: (522.0, 27.5)
1.000, 0.490, 0.490, 0  		| IMAGE: 8 BOX: (656.0, 18.0)
0.857, 0.500, 0.583, 0  		| IMAGE: 8 BOX: (1084.0, 55.5)
0.535, 0.081, 0.000, 0  		| IMAGE: 8 BOX: (1114.0, 619.5)
9.800, 0.127, 0.127, 0  		| IMAGE: 9 BOX: (548.0, 18.0)
1.250, 0.450, 0.450, 0  		| IMAGE: 9 BOX: (656.0, 19.0)
2.333, 0.098, 0.242, 0  		| IMAGE: 9 BOX: (902.0, 434.0)
1.071, 0.667, 2.250, 0  		| IMAGE: 9 BOX: (1060.5, 55.0)
1.833, 0.151, 0.367, 0  		| IMAGE: 9 BOX: (1184.5, 947.0)
2.000, 0.180, 0.000, 0  		| IMAGE: 9 BOX: (1871.0, 192.0)
5.000, 0.054, 0.000, 0  		| IMAGE: 10 BOX: (522.0, 27.0)
1.333, 0.271, 0.000, 0  		| IMAGE: 10 BOX: (473.0, 1003.0)
1.000, 0.560, 0.560, 0  		| IMAGE: 10 BOX: (656.0, 18.0)
0.976, 0.191, 0.266, 0  		| IMAGE: 10 BOX: (960.0, 340.5)
4.375, 0.393, 0.404, 0  		| IMAGE: 11 BOX: (18.5, 133.0)
1.667, 0.500, 0.500, 0  		| IMAGE: 11 BOX: (67.0, 302.0)
9.294, 0.064, 0.102, 0  		| IMAGE: 11 BOX: (523.0, 22.5)
1.111, 0.244, 0.275, 0  		| IMAGE: 11 BOX: (572.0, 380.5)
1.200, 0.467, 0.467, 0  		| IMAGE: 11 BOX: (655.0, 18.0)
2.000, 0.138, 0.675, 0  		| IMAGE: 11 BOX: (686.0, 408.0)
0.444, 0.135, 0.000, 0  		| IMAGE: 11 BOX: (894.0, 585.5)
0.882, 0.302, 0.875, 0  		| IMAGE: 11 BOX: (1737.5, 428.5)
0.755, 0.231, 0.850, 0  		| IMAGE: 11 BOX: (1768.0, 94.5)
0.456, 0.054, 0.000, 0  		| IMAGE: 11 BOX: (1836.0, 391.0)
1.271, 0.186, 0.516, 0  		| IMAGE: 11 BOX: (1859.5, 669.0)
3.333, 0.500, 0.500, 0  		| IMAGE: 11 BOX: (1888.0, 132.0)
0.280, 0.053, 0.000, 0  		| IMAGE: 12 BOX: (17.5, 823.0)
10.182, 0.191, 0.568, 0  		| IMAGE: 12 BOX: (195.0, 886.0)
0.900, 0.062, 0.072, 0  		| IMAGE: 12 BOX: (327.0, 803.0)
5.333, 0.064, 0.016, 0  		| IMAGE: 12 BOX: (522.0, 26.0)
1.794, 0.018, 0.000, 0  		| IMAGE: 12 BOX: (695.5, 221.5)
1.250, 0.612, 0.612, 0  		| IMAGE: 12 BOX: (656.0, 18.0)
0.511, 0.165, 0.146, 0  		| IMAGE: 12 BOX: (940.5, 476.0)
1.000, 0.390, 0.390, 0  		| IMAGE: 12 BOX: (1082.0, 52.0)
1.125, 0.472, 0.531, 0  		| IMAGE: 12 BOX: (1111.5, 306.0)
0.750, 0.604, 0.604, 0  		| IMAGE: 12 BOX: (1580.0, 409.0)
0.429, 0.464, 0.464, 0  		| IMAGE: 12 BOX: (1732.0, 274.0)
3.419, 0.127, 0.000, 0  		| IMAGE: 12 BOX: (1789.0, 83.5)
0.518, 0.112, 0.637, 0  		| IMAGE: 12 BOX: (1872.0, 280.0)
9.800, 0.096, 0.096, 0  		| IMAGE: 13 BOX: (548.0, 18.0)
1.200, 0.458, 0.458, 0  		| IMAGE: 13 BOX: (655.0, 18.0)
1.143, 0.683, 1.875, 0  		| IMAGE: 13 BOX: (1060.0, 55.0)
4.000, 0.448, 0.448, 0  		| IMAGE: 13 BOX: (1072.0, 1041.0)
2.733, 0.241, 0.344, 0  		| IMAGE: 13 BOX: (1162.0, 948.0)
7.182, 0.058, 0.000, 0  		| IMAGE: 14 BOX: (523.0, 25.0)
1.667, 0.633, 0.633, 0  		| IMAGE: 14 BOX: (656.0, 18.0)
0.800, 0.178, 0.000, 0  		| IMAGE: 14 BOX: (980.0, 548.0)
1.333, 0.500, 0.500, 0  		| IMAGE: 14 BOX: (1157.0, 54.0)
1.667, 0.296, 1.750, 0  		| IMAGE: 14 BOX: (1762.0, 110.0)
0.889, 0.194, 0.438, 0  		| IMAGE: 14 BOX: (1774.0, 262.0)
5.161, 0.042, 0.000, 0  		| IMAGE: 15 BOX: (522.0, 27.5)
1.667, 0.633, 0.633, 0  		| IMAGE: 15 BOX: (656.0, 20.0)
0.474, 0.102, 0.031, 0  		| IMAGE: 15 BOX: (937.0, 555.0)
2.318, 0.061, 0.355, 0  		| IMAGE: 15 BOX: (1202.0, 601.0)
1.167, 0.548, 0.583, 0  		| IMAGE: 15 BOX: (1154.5, 54.0)
1.062, 0.364, 1.500, 0  		| IMAGE: 15 BOX: (1196.5, 824.0)
0.900, 0.500, 0.562, 0  		| IMAGE: 15 BOX: (1308.5, 728.0)
1.320, 0.025, 0.041, 0  		| IMAGE: 15 BOX: (1425.0, 294.5)
1.167, 0.476, 0.556, 0  		| IMAGE: 15 BOX: (1512.5, 375.0)
1.317, 0.154, 0.047, 0  		| IMAGE: 15 BOX: (1874.5, 200.0)
2.000, 0.463, 0.521, 0  		| IMAGE: 15 BOX: (1881.0, 765.5)
5.926, 0.042, 0.000, 0  		| IMAGE: 16 BOX: (522.0, 26.5)
1.167, 0.595, 0.694, 0  		| IMAGE: 16 BOX: (560.5, 972.0)
0.800, 0.363, 0.363, 0  		| IMAGE: 16 BOX: (657.0, 18.0)
3.455, 0.154, 0.000, 0  		| IMAGE: 16 BOX: (1489.0, 237.0)
0.857, 0.333, 0.389, 0  		| IMAGE: 17 BOX: (57.0, 841.5)
5.714, 0.055, 0.000, 0  		| IMAGE: 17 BOX: (522.0, 26.0)
1.667, 0.283, 0.283, 0  		| IMAGE: 17 BOX: (468.0, 787.0)
2.533, 0.286, 0.625, 0  		| IMAGE: 17 BOX: (624.0, 726.5)
1.667, 0.650, 0.650, 0  		| IMAGE: 17 BOX: (656.0, 18.0)
0.875, 0.500, 0.562, 0  		| IMAGE: 17 BOX: (748.5, 691.0)
0.409, 0.021, 0.000, 0  		| IMAGE: 17 BOX: (955.5, 223.0)
0.618, 0.166, 0.000, 0  		| IMAGE: 17 BOX: (988.0, 560.5)
5.750, 0.421, 0.421, 0  		| IMAGE: 17 BOX: (1079.0, 765.0)
1.143, 0.500, 0.583, 0  		| IMAGE: 17 BOX: (1157.0, 54.5)
0.669, 0.025, 0.003, 0  		| IMAGE: 17 BOX: (1310.5, 584.0)
1.500, 0.245, 1.250, 0  		| IMAGE: 17 BOX: (1431.0, 297.0)
2.050, 0.199, 0.000, 0  		| IMAGE: 17 BOX: (1486.0, 192.0)
1.931, 0.170, 0.693, 0  		| IMAGE: 17 BOX: (1738.5, 763.0)
1.250, 0.318, 1.175, 0  		| IMAGE: 17 BOX: (1834.0, 960.0)
1.167, 0.595, 0.694, 0  		| IMAGE: 17 BOX: (1829.5, 134.0)
1.062, 0.165, 0.278, 0  		| IMAGE: 17 BOX: (1877.0, 613.5)
6.583, 0.057, 0.023, 0  		| IMAGE: 18 BOX: (523.0, 24.0)
0.667, 0.389, 0.417, 0  		| IMAGE: 18 BOX: (462.0, 772.5)
1.000, 0.594, 0.594, 0  		| IMAGE: 18 BOX: (655.0, 19.0)
0.714, 0.033, 0.000, 0  		| IMAGE: 18 BOX: (920.5, 184.5)
1.231, 0.219, 0.500, 0  		| IMAGE: 18 BOX: (975.0, 549.0)
2.222, 0.361, 0.394, 0  		| IMAGE: 18 BOX: (1077.0, 765.5)
0.679, 0.028, 0.000, 0  		| IMAGE: 18 BOX: (1279.5, 572.5)
1.731, 0.075, 0.000, 0  		| IMAGE: 18 BOX: (1373.5, 310.0)
0.515, 0.041, 0.000, 0  		| IMAGE: 18 BOX: (1484.0, 192.0)
1.421, 0.110, 0.000, 0  		| IMAGE: 18 BOX: (1726.0, 701.5)
1.167, 0.476, 0.556, 0  		| IMAGE: 18 BOX: (1640.5, 265.0)
2.444, 0.015, 0.000, 0  		| IMAGE: 18 BOX: (1772.0, 89.5)
1.176, 0.325, 1.083, 0  		| IMAGE: 18 BOX: (1776.0, 930.0)
0.833, 0.656, 1.875, 0  		| IMAGE: 18 BOX: (1912.5, 936.0)
1.300, 0.227, 0.167, 0  		| IMAGE: 19 BOX: (538.0, 30.0)
1.333, 0.542, 0.542, 0  		| IMAGE: 19 BOX: (655.0, 18.0)
2.444, 0.095, 0.264, 0  		| IMAGE: 19 BOX: (790.0, 278.5)
1.500, 0.469, 0.469, 0  		| IMAGE: 19 BOX: (987.0, 805.0)
0.727, 0.386, 0.425, 0  		| IMAGE: 19 BOX: (997.0, 6.5)
0.775, 0.033, 0.047, 0  		| IMAGE: 19 BOX: (1244.0, 634.0)
0.514, 0.255, 0.750, 0  		| IMAGE: 19 BOX: (1416.0, 127.0)
2.158, 0.165, 0.000, 0  		| IMAGE: 19 BOX: (1494.0, 231.0)
2.000, 0.066, 0.005, 0  		| IMAGE: 20 BOX: (99.0, 74.0)
3.200, 0.060, 0.192, 0  		| IMAGE: 20 BOX: (547.0, 26.0)
1.250, 0.538, 0.538, 0  		| IMAGE: 20 BOX: (656.0, 18.0)
11.647, 0.153, 0.581, 0  		| IMAGE: 20 BOX: (772.0, 684.5)
0.719, 0.124, 0.705, 0  		| IMAGE: 20 BOX: (974.5, 159.0)
0.839, 0.097, 0.000, 0  		| IMAGE: 20 BOX: (961.0, 565.0)
1.667, 0.300, 0.300, 0  		| IMAGE: 20 BOX: (958.0, 710.0)
0.750, 0.343, 0.385, 0  		| IMAGE: 20 BOX: (1281.5, 550.0)
2.950, 0.145, 0.016, 0  		| IMAGE: 20 BOX: (1511.0, 192.0)
2.061, 0.136, 0.000, 0  		| IMAGE: 20 BOX: (1492.0, 310.5)
0.674, 0.085, 0.000, 0  		| IMAGE: 21 BOX: (980.0, 920.5)
1.071, 0.671, 2.250, 0  		| IMAGE: 21 BOX: (1060.5, 55.0)
0.390, 0.108, 0.073, 0  		| IMAGE: 21 BOX: (1076.0, 562.5)
2.625, 0.482, 0.494, 0  		| IMAGE: 21 BOX: (1189.5, 727.0)
2.625, 0.164, 0.012, 0  		| IMAGE: 21 BOX: (1470.5, 114.0)
13.143, 0.071, 0.083, 0  		| IMAGE: 22 BOX: (546.0, 18.5)
1.000, 0.639, 0.639, 0  		| IMAGE: 22 BOX: (656.0, 18.0)
0.750, 0.167, 0.250, 0  		| IMAGE: 22 BOX: (957.0, 551.0)
1.071, 0.590, 2.250, 0  		| IMAGE: 22 BOX: (1060.5, 55.0)
3.950, 0.140, 0.082, 0  		| IMAGE: 22 BOX: (1487.0, 114.0)
0.371, 0.107, 0.190, 0  		| IMAGE: 23 BOX: (14.0, 207.0)
3.814, 0.045, 0.078, 0  		| IMAGE: 23 BOX: (83.0, 894.5)
3.000, 0.143, 0.642, 0  		| IMAGE: 23 BOX: (327.0, 764.0)
2.309, 0.034, 0.027, 0  		| IMAGE: 23 BOX: (467.5, 828.5)
1.667, 0.533, 0.533, 0  		| IMAGE: 23 BOX: (464.0, 270.0)
3.143, 0.167, 0.000, 0  		| IMAGE: 23 BOX: (502.0, 719.0)
3.267, 0.077, 0.417, 0  		| IMAGE: 23 BOX: (548.0, 26.0)
2.000, 0.387, 1.458, 0  		| IMAGE: 23 BOX: (589.0, 270.0)
2.286, 0.268, 0.312, 0  		| IMAGE: 23 BOX: (648.0, 691.5)
1.000, 0.520, 0.520, 0  		| IMAGE: 23 BOX: (656.0, 18.0)
1.667, 0.500, 0.500, 0  		| IMAGE: 23 BOX: (878.0, 616.0)
1.429, 0.357, 0.417, 0  		| IMAGE: 23 BOX: (938.0, 881.5)
1.400, 0.346, 1.750, 0  		| IMAGE: 23 BOX: (1079.5, 542.5)
0.800, 0.475, 0.475, 0  		| IMAGE: 23 BOX: (1083.0, 54.0)
1.923, 0.045, 0.366, 0  		| IMAGE: 23 BOX: (1126.5, 874.5)
2.200, 0.532, 0.532, 0  		| IMAGE: 23 BOX: (1491.0, 298.0)
0.857, 0.333, 0.389, 0  		| IMAGE: 23 BOX: (1890.0, 318.5)
3.226, 0.083, 0.265, 0  		| IMAGE: 24 BOX: (271.5, 829.5)
3.700, 0.126, 0.196, 0  		| IMAGE: 24 BOX: (372.0, 216.0)
1.306, 0.041, 0.036, 0  		| IMAGE: 24 BOX: (422.5, 781.0)
1.481, 0.030, 0.034, 0  		| IMAGE: 24 BOX: (498.5, 906.5)
1.889, 0.477, 1.458, 0  		| IMAGE: 24 BOX: (490.0, 247.0)
1.333, 0.542, 0.542, 0  		| IMAGE: 24 BOX: (509.0, 566.0)
3.267, 0.086, 0.200, 0  		| IMAGE: 24 BOX: (548.0, 26.0)
1.700, 0.200, 0.213, 0  		| IMAGE: 24 BOX: (579.5, 726.0)
1.000, 0.580, 0.580, 0  		| IMAGE: 24 BOX: (656.0, 18.0)
2.100, 0.376, 0.395, 0  		| IMAGE: 24 BOX: (967.5, 550.0)
1.000, 0.556, 0.556, 0  		| IMAGE: 24 BOX: (1084.0, 54.0)
0.909, 0.234, 0.000, 0  		| IMAGE: 24 BOX: (1112.0, 935.0)
1.750, 0.330, 0.330, 0  		| IMAGE: 24 BOX: (1487.0, 259.0)
1.000, 0.312, 0.312, 0  		| IMAGE: 24 BOX: (1891.0, 279.0)
9.800, 0.092, 0.092, 0  		| IMAGE: 25 BOX: (548.0, 18.0)
1.429, 0.571, 0.667, 0  		| IMAGE: 25 BOX: (656.0, 18.5)
1.133, 0.227, 1.000, 0  		| IMAGE: 25 BOX: (965.5, 522.5)
1.071, 0.657, 2.250, 0  		| IMAGE: 25 BOX: (1060.5, 55.0)
5.483, 0.046, 0.005, 0  		| IMAGE: 26 BOX: (521.5, 27.5)
1.286, 0.571, 0.750, 0  		| IMAGE: 26 BOX: (654.5, 18.5)
1.500, 0.088, 0.375, 0  		| IMAGE: 26 BOX: (772.0, 844.0)
1.382, 0.138, 0.838, 0  		| IMAGE: 26 BOX: (897.5, 317.0)
1.167, 0.381, 0.417, 0  		| IMAGE: 26 BOX: (876.5, 630.0)
0.600, 0.293, 0.708, 0  		| IMAGE: 26 BOX: (963.0, 542.0)
1.200, 0.300, 1.500, 0  		| IMAGE: 26 BOX: (1529.0, 103.5)
2.962, 0.159, 0.436, 0  		| IMAGE: 27 BOX: (415.5, 339.0)
1.818, 0.273, 0.812, 0  		| IMAGE: 27 BOX: (338.0, 437.0)
9.800, 0.090, 0.090, 0  		| IMAGE: 27 BOX: (548.0, 18.0)
1.000, 0.490, 0.490, 0  		| IMAGE: 27 BOX: (656.0, 18.0)
1.000, 0.625, 0.625, 0  		| IMAGE: 27 BOX: (881.0, 558.0)
1.071, 0.576, 2.250, 0  		| IMAGE: 27 BOX: (1060.5, 55.0)
1.167, 0.175, 0.484, 0  		| IMAGE: 27 BOX: (1237.0, 1019.0)
12.250, 0.112, 0.112, 0  		| IMAGE: 28 BOX: (548.0, 19.0)
1.111, 0.567, 0.638, 0  		| IMAGE: 28 BOX: (656.0, 18.5)
1.333, 0.438, 0.438, 0  		| IMAGE: 28 BOX: (983.0, 560.0)
1.143, 0.638, 1.875, 0  		| IMAGE: 28 BOX: (1060.0, 55.0)
1.683, 0.102, 0.421, 0  		| IMAGE: 28 BOX: (1206.5, 952.0)
0.789, 0.308, 0.542, 0  		| IMAGE: 28 BOX: (1507.0, 231.0)
1.286, 0.714, 0.938, 0  		| IMAGE: 29 BOX: (9.5, 241.5)
1.167, 0.500, 0.583, 0  		| IMAGE: 29 BOX: (69.5, 357.0)
1.826, 0.028, 0.000, 0  		| IMAGE: 29 BOX: (274.5, 820.0)
2.500, 0.281, 0.281, 0  		| IMAGE: 29 BOX: (424.0, 729.0)
4.848, 0.049, 0.000, 0  		| IMAGE: 29 BOX: (522.0, 27.5)
1.882, 0.270, 1.000, 0  		| IMAGE: 29 BOX: (603.0, 268.5)
1.200, 0.458, 0.458, 0  		| IMAGE: 29 BOX: (655.0, 18.0)
0.800, 0.338, 0.338, 0  		| IMAGE: 29 BOX: (771.0, 986.0)
2.143, 0.476, 0.595, 0  		| IMAGE: 29 BOX: (875.5, 617.5)
1.000, 0.222, 0.281, 0  		| IMAGE: 29 BOX: (961.5, 672.5)
0.855, 0.021, 0.008, 0  		| IMAGE: 29 BOX: (1019.0, 963.0)
1.732, 0.074, 0.295, 0  		| IMAGE: 29 BOX: (1477.0, 132.0)
4.250, 0.117, 0.059, 0  		| IMAGE: 29 BOX: (1530.0, 270.0)
2.500, 0.344, 0.344, 0  		| IMAGE: 29 BOX: (1880.0, 219.0)
1.723, 0.026, 0.008, 0  		| IMAGE: 30 BOX: (67.0, 974.5)
1.000, 0.429, 0.583, 0  		| IMAGE: 30 BOX: (232.5, 883.5)
0.600, 0.400, 0.400, 0  		| IMAGE: 30 BOX: (252.0, 25.0)
3.500, 0.317, 0.333, 0  		| IMAGE: 30 BOX: (413.5, 806.0)
0.529, 0.032, 0.178, 0  		| IMAGE: 30 BOX: (456.5, 227.0)
5.300, 0.044, 0.000, 0  		| IMAGE: 30 BOX: (521.5, 29.0)
2.333, 0.488, 0.488, 0  		| IMAGE: 30 BOX: (527.0, 363.0)
1.000, 0.286, 0.389, 0  		| IMAGE: 30 BOX: (535.5, 797.5)
3.273, 0.169, 0.679, 0  		| IMAGE: 30 BOX: (655.0, 701.0)
1.400, 0.507, 0.507, 0  		| IMAGE: 30 BOX: (655.0, 18.0)
2.300, 0.049, 0.024, 0  		| IMAGE: 30 BOX: (734.5, 779.0)
3.214, 0.124, 0.625, 0  		| IMAGE: 30 BOX: (772.5, 675.0)
1.929, 0.429, 1.750, 0  		| IMAGE: 30 BOX: (870.5, 255.0)
1.889, 0.301, 0.359, 0  		| IMAGE: 30 BOX: (914.5, 651.5)
0.714, 0.089, 0.000, 0  		| IMAGE: 30 BOX: (952.0, 527.0)
1.000, 0.438, 0.438, 0  		| IMAGE: 30 BOX: (1111.0, 978.0)
2.000, 0.408, 0.476, 0  		| IMAGE: 30 BOX: (1311.0, 605.5)
2.053, 0.155, 0.000, 0  		| IMAGE: 30 BOX: (1494.0, 153.0)
9.800, 0.118, 0.118, 0  		| IMAGE: 31 BOX: (548.0, 18.0)
1.250, 0.575, 0.575, 0  		| IMAGE: 31 BOX: (656.0, 19.0)
1.143, 0.670, 1.875, 0  		| IMAGE: 31 BOX: (1060.0, 55.0)
2.952, 0.260, 0.750, 0  		| IMAGE: 31 BOX: (1169.0, 945.5)
1.000, 0.528, 0.528, 0  		| IMAGE: 31 BOX: (1186.0, 384.0)
2.150, 0.183, 0.000, 0  		| IMAGE: 31 BOX: (1871.0, 192.0)
5.643, 0.051, 0.010, 0  		| IMAGE: 32 BOX: (521.0, 26.0)
2.435, 0.015, 0.000, 0  		| IMAGE: 32 BOX: (698.0, 33.0)
1.556, 0.313, 1.417, 0  		| IMAGE: 32 BOX: (919.0, 145.0)
0.286, 0.294, 0.411, 0  		| IMAGE: 32 BOX: (954.0, 561.0)
1.233, 0.102, 0.000, 0  		| IMAGE: 32 BOX: (1018.5, 235.5)
1.400, 0.356, 0.375, 0  		| IMAGE: 32 BOX: (1491.5, 259.5)
1.000, 0.333, 0.333, 0  		| IMAGE: 32 BOX: (1890.0, 163.0)
1.490, 0.111, 0.000, 0  		| IMAGE: 33 BOX: (39.0, 141.5)
30.577, 0.341, 1.150, 0  		| IMAGE: 33 BOX: (398.5, 562.0)
3.767, 0.046, 0.109, 0  		| IMAGE: 33 BOX: (523.0, 22.5)
8.833, 0.238, 0.818, 0  		| IMAGE: 33 BOX: (649.0, 663.0)
1.333, 0.583, 0.583, 0  		| IMAGE: 33 BOX: (641.0, 270.0)
1.143, 0.589, 0.688, 0  		| IMAGE: 33 BOX: (655.0, 19.5)
0.324, 0.321, 0.736, 0  		| IMAGE: 33 BOX: (768.5, 179.0)
0.857, 0.524, 0.611, 0  		| IMAGE: 33 BOX: (764.0, 55.5)
1.167, 0.446, 2.250, 0  		| IMAGE: 33 BOX: (1495.0, 104.0)
5.000, 0.045, 0.000, 0  		| IMAGE: 34 BOX: (522.0, 27.0)
1.286, 0.571, 0.750, 0  		| IMAGE: 34 BOX: (655.5, 18.5)
5.263, 0.106, 0.062, 0  		| IMAGE: 34 BOX: (792.0, 503.5)
9.133, 0.058, 0.143, 0  		| IMAGE: 34 BOX: (934.5, 973.5)
1.333, 0.521, 0.521, 0  		| IMAGE: 34 BOX: (889.0, 543.0)
1.444, 0.160, 0.042, 0  		| IMAGE: 34 BOX: (1370.0, 539.0)
2.100, 0.209, 0.008, 0  		| IMAGE: 34 BOX: (1452.0, 192.0)
1.500, 0.315, 0.333, 0  		| IMAGE: 34 BOX: (1498.5, 671.0)
0.875, 0.375, 0.438, 0  		| IMAGE: 34 BOX: (1669.5, 470.0)
2.000, 0.011, 0.000, 0  		| IMAGE: 35 BOX: (583.0, 51.5)
1.375, 0.091, 0.038, 0  		| IMAGE: 35 BOX: (881.0, 443.0)
0.640, 0.111, 0.000, 0  		| IMAGE: 35 BOX: (965.0, 564.0)
2.000, 0.066, 0.203, 0  		| IMAGE: 35 BOX: (1210.0, 959.5)
1.071, 0.638, 2.250, 0  		| IMAGE: 35 BOX: (1274.5, 55.0)
5.000, 0.053, 0.016, 0  		| IMAGE: 36 BOX: (522.0, 27.0)
1.429, 0.557, 0.650, 0  		| IMAGE: 36 BOX: (656.0, 18.5)
0.600, 0.533, 0.533, 0  		| IMAGE: 36 BOX: (792.0, 137.0)
0.486, 0.123, 0.000, 0  		| IMAGE: 36 BOX: (934.0, 548.0)
1.143, 0.643, 0.750, 0  		| IMAGE: 36 BOX: (1474.0, 256.5)
0.574, 0.048, 0.000, 0  		| IMAGE: 36 BOX: (1874.0, 202.0)
5.000, 0.040, 0.000, 0  		| IMAGE: 37 BOX: (522.0, 27.0)
1.250, 0.588, 0.588, 0  		| IMAGE: 37 BOX: (656.0, 19.0)
0.389, 0.135, 0.688, 0  		| IMAGE: 37 BOX: (917.0, 561.0)
1.046, 0.089, 0.012, 0  		| IMAGE: 37 BOX: (1476.5, 211.5)
2.714, 0.353, 0.435, 0  		| IMAGE: 37 BOX: (1801.5, 798.5)
1.667, 0.421, 1.375, 0  		| IMAGE: 37 BOX: (1880.0, 220.0)
5.000, 0.041, 0.000, 0  		| IMAGE: 38 BOX: (522.0, 27.0)
1.000, 0.027, 0.000, 0  		| IMAGE: 38 BOX: (639.5, 36.5)
2.368, 0.169, 0.000, 0  		| IMAGE: 38 BOX: (1419.0, 309.0)
1.919, 0.076, 0.111, 0  		| IMAGE: 38 BOX: (1510.5, 173.0)
1.357, 0.500, 1.875, 0  		| IMAGE: 38 BOX: (1880.5, 181.0)
5.333, 0.053, 0.000, 0  		| IMAGE: 39 BOX: (522.0, 26.0)
1.111, 0.600, 0.675, 0  		| IMAGE: 39 BOX: (656.0, 18.5)
0.415, 0.133, 0.031, 0  		| IMAGE: 39 BOX: (966.0, 456.0)
1.000, 0.556, 0.556, 0  		| IMAGE: 39 BOX: (1428.0, 26.0)
5.161, 0.043, 0.010, 0  		| IMAGE: 40 BOX: (522.0, 27.5)
0.900, 0.489, 0.550, 0  		| IMAGE: 40 BOX: (656.5, 18.0)
0.460, 0.114, 0.018, 0  		| IMAGE: 40 BOX: (998.0, 492.5)
0.905, 0.175, 0.188, 0  		| IMAGE: 40 BOX: (1149.5, 980.5)
5.000, 0.044, 0.000, 0  		| IMAGE: 41 BOX: (522.0, 27.0)
1.429, 0.543, 0.633, 0  		| IMAGE: 41 BOX: (656.0, 18.5)
1.333, 0.333, 0.333, 0  		| IMAGE: 41 BOX: (971.0, 524.0)
1.058, 0.070, 0.022, 0  		| IMAGE: 41 BOX: (1151.5, 136.0)
0.714, 0.407, 0.407, 0  		| IMAGE: 41 BOX: (1525.0, 144.0)
11.750, 0.052, 0.052, 0  		| IMAGE: 42 BOX: (619.0, 18.0)
1.143, 0.621, 1.875, 0  		| IMAGE: 42 BOX: (740.0, 55.0)
1.625, 0.105, 0.256, 0  		| IMAGE: 42 BOX: (1124.0, 1038.0)
0.380, 0.147, 0.000, 0  		| IMAGE: 42 BOX: (1118.0, 599.5)
1.250, 0.363, 0.363, 0  		| IMAGE: 42 BOX: (1834.0, 93.0)
0.429, 0.723, 1.750, 0  		| IMAGE: 42 BOX: (1846.0, 357.0)
12.250, 0.087, 0.087, 0  		| IMAGE: 43 BOX: (548.0, 19.0)
2.111, 0.027, 0.000, 0  		| IMAGE: 43 BOX: (699.0, 38.0)
0.439, 0.145, 0.000, 0  		| IMAGE: 43 BOX: (940.5, 574.0)
1.630, 0.395, 1.161, 0  		| IMAGE: 43 BOX: (1084.0, 1046.0)
2.419, 0.125, 0.375, 0  		| IMAGE: 43 BOX: (1167.0, 945.5)
1.459, 0.195, 0.358, 0  		| IMAGE: 43 BOX: (1528.0, 394.5)
0.654, 0.086, 0.000, 0  		| IMAGE: 43 BOX: (1492.0, 153.0)
1.737, 0.269, 1.038, 0  		| IMAGE: 43 BOX: (1663.0, 65.0)
1.188, 0.289, 1.062, 0  		| IMAGE: 44 BOX: (376.5, 114.0)
5.161, 0.038, 0.005, 0  		| IMAGE: 44 BOX: (522.0, 27.5)
1.125, 0.611, 0.672, 0  		| IMAGE: 44 BOX: (655.5, 19.0)
0.423, 0.144, 0.198, 0  		| IMAGE: 44 BOX: (938.5, 550.0)
2.125, 0.404, 0.430, 0  		| IMAGE: 44 BOX: (1008.5, 199.0)
2.053, 0.172, 0.000, 0  		| IMAGE: 44 BOX: (1529.0, 153.0)
5.517, 0.048, 0.000, 0  		| IMAGE: 45 BOX: (522.0, 27.5)
0.357, 0.054, 0.000, 0  		| IMAGE: 45 BOX: (650.0, 180.0)
0.800, 0.462, 0.462, 0  		| IMAGE: 45 BOX: (657.0, 18.0)
1.333, 0.479, 0.479, 0  		| IMAGE: 45 BOX: (657.0, 334.0)
0.750, 0.438, 1.875, 0  		| IMAGE: 45 BOX: (839.0, 558.0)
2.200, 0.219, 0.021, 0  		| IMAGE: 45 BOX: (1504.0, 192.0)
5.714, 0.056, 0.016, 0  		| IMAGE: 46 BOX: (522.0, 25.0)
1.200, 0.525, 0.525, 0  		| IMAGE: 46 BOX: (655.0, 18.0)
2.000, 0.300, 0.300, 0  		| IMAGE: 46 BOX: (842.0, 178.0)
0.303, 0.167, 0.172, 0  		| IMAGE: 46 BOX: (846.0, 335.5)
0.444, 0.234, 0.469, 0  		| IMAGE: 46 BOX: (1008.0, 553.0)
3.520, 0.031, 0.003, 0  		| IMAGE: 47 BOX: (529.0, 34.0)
1.000, 0.540, 0.540, 0  		| IMAGE: 47 BOX: (656.0, 18.0)
2.864, 0.074, 0.271, 0  		| IMAGE: 47 BOX: (722.5, 280.0)
3.394, 0.067, 0.000, 0  		| IMAGE: 47 BOX: (768.0, 856.5)
0.755, 0.109, 0.125, 0  		| IMAGE: 47 BOX: (950.0, 561.5)
1.400, 0.356, 1.875, 0  		| IMAGE: 47 BOX: (1495.5, 181.5)
1.837, 0.325, 1.125, 0  		| IMAGE: 47 BOX: (1805.5, 40.5)
5.000, 0.041, 0.000, 0  		| IMAGE: 48 BOX: (522.0, 27.0)
1.250, 0.588, 0.588, 0  		| IMAGE: 48 BOX: (656.0, 19.0)
0.714, 0.188, 0.104, 0  		| IMAGE: 48 BOX: (970.0, 515.0)
2.200, 0.523, 0.523, 0  		| IMAGE: 48 BOX: (1491.0, 142.0)
1.600, 0.419, 0.419, 0  		| IMAGE: 48 BOX: (1878.0, 183.0)
7.524, 0.061, 0.062, 0  		| IMAGE: 49 BOX: (523.0, 23.5)
1.111, 0.600, 0.675, 0  		| IMAGE: 49 BOX: (656.0, 17.5)
0.333, 0.281, 0.281, 0  		| IMAGE: 49 BOX: (891.0, 182.0)
1.000, 0.583, 0.583, 0  		| IMAGE: 49 BOX: (934.0, 82.0)
1.857, 0.128, 0.417, 0  		| IMAGE: 49 BOX: (961.0, 507.0)
0.889, 0.458, 0.516, 0  		| IMAGE: 49 BOX: (1885.0, 257.5)
5.333, 0.048, 0.000, 0  		| IMAGE: 50 BOX: (522.0, 26.0)
1.333, 0.667, 0.667, 0  		| IMAGE: 50 BOX: (655.0, 18.0)
0.663, 0.090, 0.100, 0  		| IMAGE: 50 BOX: (977.5, 577.5)
2.000, 0.183, 0.000, 0  		| IMAGE: 50 BOX: (1497.0, 192.0)
6.154, 0.050, 0.000, 0  		| IMAGE: 51 BOX: (522.0, 26.0)
0.519, 0.142, 0.383, 0  		| IMAGE: 51 BOX: (973.0, 562.0)
2.200, 0.473, 0.473, 0  		| IMAGE: 51 BOX: (1527.0, 181.0)
5.926, 0.050, 0.016, 0  		| IMAGE: 52 BOX: (522.0, 26.5)
1.000, 0.516, 0.516, 0  		| IMAGE: 52 BOX: (657.0, 19.0)
0.482, 0.242, 0.000, 0  		| IMAGE: 52 BOX: (889.5, 575.0)
0.978, 0.046, 0.225, 0  		| IMAGE: 52 BOX: (1096.5, 987.0)
0.833, 0.381, 1.750, 0  		| IMAGE: 53 BOX: (461.5, 31.0)
12.250, 0.093, 0.093, 0  		| IMAGE: 53 BOX: (620.0, 19.0)
0.421, 0.257, 0.271, 0  		| IMAGE: 53 BOX: (911.0, 99.5)
7.000, 0.184, 0.184, 0  		| IMAGE: 53 BOX: (937.0, 266.0)
0.553, 0.139, 0.125, 0  		| IMAGE: 53 BOX: (955.5, 561.0)
2.000, 0.138, 0.000, 0  		| IMAGE: 53 BOX: (1873.0, 113.0)
5.679, 0.038, 0.005, 0  		| IMAGE: 54 BOX: (521.5, 27.0)
1.667, 0.633, 0.633, 0  		| IMAGE: 54 BOX: (656.0, 18.0)
1.200, 0.315, 1.625, 0  		| IMAGE: 54 BOX: (841.0, 561.5)
0.571, 0.184, 0.089, 0  		| IMAGE: 54 BOX: (956.0, 437.0)
0.889, 0.444, 0.484, 0  		| IMAGE: 54 BOX: (1018.0, 69.5)
1.000, 0.280, 0.280, 0  		| IMAGE: 54 BOX: (1508.0, 162.0)
1.900, 0.205, 0.000, 0  		| IMAGE: 54 BOX: (1873.0, 270.0)
1.800, 0.522, 0.522, 0  		| IMAGE: 54 BOX: (1881.0, 102.0)
4.788, 0.051, 0.000, 0  		| IMAGE: 55 BOX: (523.0, 27.5)
0.652, 0.053, 0.000, 0  		| IMAGE: 55 BOX: (662.0, 33.0)
1.600, 0.211, 1.625, 0  		| IMAGE: 55 BOX: (783.0, 196.5)
1.500, 0.178, 0.167, 0  		| IMAGE: 56 BOX: (468.0, 30.0)
10.889, 0.094, 0.106, 0  		| IMAGE: 56 BOX: (620.0, 18.5)
1.556, 0.325, 0.366, 0  		| IMAGE: 56 BOX: (788.0, 741.5)
0.600, 0.550, 0.550, 0  		| IMAGE: 56 BOX: (932.0, 156.0)
1.429, 0.454, 1.875, 0  		| IMAGE: 56 BOX: (1880.0, 221.0)
7.450, 0.061, 0.025, 0  		| IMAGE: 57 BOX: (526.5, 24.0)
0.932, 0.124, 0.094, 0  		| IMAGE: 57 BOX: (982.5, 556.0)
2.098, 0.165, 0.000, 0  		| IMAGE: 57 BOX: (1527.0, 230.5)
0.900, 0.456, 0.513, 0  		| IMAGE: 57 BOX: (1600.5, 337.0)
2.895, 0.122, 0.050, 0  		| IMAGE: 57 BOX: (1728.5, 289.5)
1.667, 0.367, 0.367, 0  		| IMAGE: 57 BOX: (1903.0, 265.0)
5.333, 0.049, 0.000, 0  		| IMAGE: 58 BOX: (522.0, 26.0)
1.000, 0.480, 0.480, 0  		| IMAGE: 58 BOX: (656.0, 18.0)
0.383, 0.084, 0.042, 0  		| IMAGE: 58 BOX: (949.0, 571.0)
1.800, 0.483, 0.483, 0  		| IMAGE: 58 BOX: (1881.0, 220.0)
5.000, 0.053, 0.000, 0  		| IMAGE: 59 BOX: (522.0, 27.0)
0.691, 0.182, 0.388, 0  		| IMAGE: 59 BOX: (597.0, 439.5)
2.025, 0.195, 0.000, 0  		| IMAGE: 59 BOX: (1496.5, 192.0)
5.517, 0.042, 0.000, 0  		| IMAGE: 60 BOX: (522.0, 27.5)
1.000, 0.531, 0.531, 0  		| IMAGE: 60 BOX: (657.0, 19.0)
1.333, 0.500, 0.500, 0  		| IMAGE: 60 BOX: (955.0, 538.0)
1.000, 0.222, 0.281, 0  		| IMAGE: 60 BOX: (1135.5, 987.5)
2.158, 0.155, 0.000, 0  		| IMAGE: 60 BOX: (1496.0, 153.0)
5.517, 0.049, 0.010, 0  		| IMAGE: 61 BOX: (522.0, 25.5)
0.366, 0.161, 0.000, 0  		| IMAGE: 61 BOX: (952.5, 559.5)
7.188, 0.065, 0.034, 0  		| IMAGE: 61 BOX: (1455.5, 144.0)
5.714, 0.045, 0.010, 0  		| IMAGE: 62 BOX: (522.0, 27.0)
1.429, 0.600, 0.700, 0  		| IMAGE: 62 BOX: (656.0, 19.5)
0.453, 0.154, 0.410, 0  		| IMAGE: 62 BOX: (918.5, 669.0)
1.500, 0.685, 0.771, 0  		| IMAGE: 62 BOX: (1531.5, 178.0)
7.333, 0.066, 0.000, 0  		| IMAGE: 63 BOX: (522.0, 24.5)
0.281, 0.131, 0.879, 0  		| IMAGE: 63 BOX: (523.0, 127.0)
1.333, 0.481, 0.542, 0  		| IMAGE: 63 BOX: (655.0, 17.5)
1.119, 0.167, 0.571, 0  		| IMAGE: 63 BOX: (764.0, 135.0)
0.305, 0.042, 0.000, 0  		| IMAGE: 63 BOX: (925.0, 442.0)
1.900, 0.137, 0.000, 0  		| IMAGE: 63 BOX: (1873.0, 192.0)
5.714, 0.056, 0.005, 0  		| IMAGE: 64 BOX: (522.0, 26.0)
1.000, 0.034, 0.000, 0  		| IMAGE: 64 BOX: (674.0, 36.0)
0.435, 0.121, 0.111, 0  		| IMAGE: 64 BOX: (738.0, 594.0)
1.900, 0.199, 0.000, 0  		| IMAGE: 64 BOX: (1873.0, 114.0)
0.857, 0.405, 0.472, 0  		| IMAGE: 65 BOX: (398.0, 405.5)
5.926, 0.041, 0.005, 0  		| IMAGE: 65 BOX: (522.0, 26.5)
1.125, 0.597, 0.672, 0  		| IMAGE: 65 BOX: (656.5, 19.0)
0.443, 0.076, 0.012, 0  		| IMAGE: 65 BOX: (893.0, 579.5)
1.414, 0.147, 0.042, 0  		| IMAGE: 65 BOX: (1870.0, 122.0)
5.300, 0.051, 0.000, 0  		| IMAGE: 66 BOX: (521.5, 26.0)
1.000, 0.568, 0.719, 0  		| IMAGE: 66 BOX: (654.5, 18.5)
0.694, 0.124, 0.125, 0  		| IMAGE: 66 BOX: (978.5, 337.5)
2.237, 0.020, 0.062, 0  		| IMAGE: 66 BOX: (1610.0, 443.0)
1.520, 0.043, 0.031, 0  		| IMAGE: 66 BOX: (1753.0, 432.0)
1.950, 0.188, 0.000, 0  		| IMAGE: 66 BOX: (1872.0, 270.0)
1.242, 0.152, 0.099, 0  		| IMAGE: 66 BOX: (1873.5, 123.0)
3.167, 0.404, 0.426, 0  		| IMAGE: 66 BOX: (1881.5, 416.0)
5.517, 0.057, 0.016, 0  		| IMAGE: 67 BOX: (522.0, 25.5)
1.250, 0.538, 0.538, 0  		| IMAGE: 67 BOX: (656.0, 19.0)
1.143, 0.500, 0.583, 0  		| IMAGE: 67 BOX: (765.0, 54.5)
2.286, 0.366, 0.427, 0  		| IMAGE: 67 BOX: (827.0, 327.5)
1.400, 0.436, 0.436, 0  		| IMAGE: 67 BOX: (955.0, 550.0)
1.286, 0.429, 0.562, 0  		| IMAGE: 67 BOX: (1098.5, 664.5)
1.350, 0.307, 0.417, 0  		| IMAGE: 67 BOX: (1390.5, 184.0)
1.842, 0.151, 0.009, 0  		| IMAGE: 67 BOX: (1875.0, 231.0)
5.333, 0.051, 0.000, 0  		| IMAGE: 68 BOX: (522.0, 26.0)
0.600, 0.467, 0.467, 0  		| IMAGE: 68 BOX: (658.0, 18.0)
0.750, 0.583, 0.583, 0  		| IMAGE: 68 BOX: (764.0, 55.0)
1.875, 0.317, 0.339, 0  		| IMAGE: 68 BOX: (1402.5, 573.0)
0.625, 0.431, 0.431, 0  		| IMAGE: 68 BOX: (1454.0, 300.0)
2.000, 0.166, 0.000, 0  		| IMAGE: 68 BOX: (1873.0, 153.0)
9.800, 0.118, 0.118, 0  		| IMAGE: 69 BOX: (548.0, 18.0)
1.286, 0.492, 0.646, 0  		| IMAGE: 69 BOX: (656.5, 18.5)
0.265, 0.281, 0.312, 0  		| IMAGE: 69 BOX: (971.5, 570.0)
1.071, 0.676, 2.250, 0  		| IMAGE: 69 BOX: (1060.5, 55.0)
1.312, 0.134, 0.562, 0  		| IMAGE: 69 BOX: (1237.5, 980.0)
1.950, 0.188, 0.000, 0  		| IMAGE: 69 BOX: (1874.0, 114.0)
