1.47368421052631570 0.24248120300751880, 0  		| IMAGE: 0 BOX: (80.0, 126.5)
2.48148148148148140 0.06799336650082918, 0  		| IMAGE: 0 BOX: (232.5, 61.5)
2.80000000000000000 0.14285714285714285, 0  		| IMAGE: 0 BOX: (475.0, 290.0)
1.38095238095238100 0.04725415070242656, 0  		| IMAGE: 0 BOX: (1352.0, 720.0)
1.47368421052631570 0.24060150375939848, 0  		| IMAGE: 1 BOX: (80.0, 126.5)
2.48148148148148140 0.06909894969596461, 0  		| IMAGE: 1 BOX: (232.5, 61.5)
1.16666666666666670 0.52380952380952370, 0  		| IMAGE: 1 BOX: (466.5, 287.0)
1.37600000000000000 0.04320930232558139, 0  		| IMAGE: 1 BOX: (1354.0, 718.5)
1.67741935483870970 0.07862903225806452, 0  		| IMAGE: 2 BOX: (105.0, 744.0)
3.10000000000000000 0.42580645161290320, 0  		| IMAGE: 2 BOX: (123.5, 88.0)
3.77777777777777770 0.11437908496732027, 0  		| IMAGE: 2 BOX: (288.0, 69.0)
0.35443037974683544 0.09086799276672694, 0  		| IMAGE: 2 BOX: (461.0, 58.5)
1.00000000000000000 0.58333333333333330, 0  		| IMAGE: 2 BOX: (684.0, 6.0)
0.63709677419354840 0.09718252347897101, 0  		| IMAGE: 2 BOX: (1313.5, 721.0)
1.94186046511627900 0.08517267790001393, 0  		| IMAGE: 3 BOX: (168.0, 779.0)
4.12500000000000000 0.50000000000000000, 0  		| IMAGE: 3 BOX: (149.5, 76.0)
2.83333333333333350 0.08210784313725490, 0  		| IMAGE: 3 BOX: (316.0, 81.0)
0.51562500000000000 0.11742424242424243, 0  		| IMAGE: 3 BOX: (605.5, 97.0)
0.43902439024390244 0.12059620596205962, 0  		| IMAGE: 3 BOX: (813.0, 21.5)
0.69178082191780820 0.09399159093991590, 0  		| IMAGE: 3 BOX: (1334.5, 776.0)
1.60273972602739720 0.30502868516567144, 0  		| IMAGE: 4 BOX: (179.0, 934.0)
0.88888888888888880 0.22685185185185183, 0  		| IMAGE: 4 BOX: (326.0, 90.5)
0.53731343283582090 0.05887230514096186, 0  		| IMAGE: 4 BOX: (411.0, 230.5)
5.48062015503876000 0.07271690624211923, 0  		| IMAGE: 4 BOX: (815.5, 1015.5)
2.07142857142857160 0.40024630541871920, 0  		| IMAGE: 4 BOX: (538.0, 273.0)
0.63200000000000000 0.08202531645569620, 0  		| IMAGE: 4 BOX: (1315.5, 718.5)
0.51612903225806450 0.12046370967741934, 0  		| IMAGE: 4 BOX: (1335.0, 343.0)
0.09090909090909091 0.52272727272727270, 0  		| IMAGE: 4 BOX: (1425.0, 728.0)
0.41860465116279070 0.08785529715762275, 0  		| IMAGE: 4 BOX: (1573.0, 160.5)
2.66666666666666650 0.58333333333333330, 0  		| IMAGE: 4 BOX: (1874.0, 167.5)
