RNA TRAIN
ARQUITECTURA  Accuracy,            Desviacion            F1,                   Desviacion          Precision,           Desviacion
[2]          (0.8666132086999022, 0.06075670552686299,  0.647005775493856,  0.12997353466577566, 0.7281295093795093, 0.1481926289107884)
[4]          (0.8680167399804498, 0.06292299757697033,  0.6578146101920096, 0.13326928655132178, 0.7265426406926406, 0.1427505406098091)
[16]         (0.8886900048875853, 0.056562896427096325, 0.7322588326534145, 0.12708749722153706, 0.789094660894661,  0.1389998320755019)
[32]         (0.8834112292277615, 0.062116903296409676, 0.7326682736252395, 0.13288947052126737, 0.79004126984127,   0.14224637429956427)
[4][2]       (0.8530080645161291, 0.045285282855213334, 0.5539144286054503, 0.09306719250962872, 0.597003318903319,  0.10299072753009031)
[10][5]      (0.8628662634408603, 0.048944378264777,    0.6071007883241629, 0.10617847362139317, 0.6626096681096681, 0.12737808768051606)
[20][15]     (0.8707366813294234, 0.054298774084060066, 0.6647798884637893, 0.1334884910929569,  0.7453088023088024, 0.14822751989391925)
[32][20]     (0.8623733504398826, 0.051074870679497605, 0.6411115407124696, 0.11865597949476685, 0.782010101010101,  0.12789579989669475)

SVM TRAIN
kernel C(valor) GAMMA    Accuracy,             Desviacion          F1,                  Desviacion           Precision,          Desviacion
rbf      1        2    (0.9466611681329422, 0.04917251320722274, 0.8811048265460031, 0.11062982338956398, 0.9311507936507937, 0.099988320263581)
rbf      8        4    (0.9466611681329422, 0.03650844574437606, 0.8971190230478155, 0.06888979133323023, 0.8680050505050506, 0.10483384441682318)
linear   2        -    (0.874181329423265,  0.07796416133425123, 0.7306747827336062, 0.15849005434691124, 0.7721428571428571, 0.17369349771060624)
linear   8        -    (0.8711510263929618, 0.07570400030660938, 0.7241388350211879, 0.15247403005210625, 0.7699206349206349, 0.17343946415227307)
poly     1        2    (0.9243829423264908, 0.05240252613997087, 0.862266081871345,  0.09326646264968493, 0.810530303030303,  0.14695427129294225)
poly     8        4    (0.9242882453567937, 0.05394106729247059, 0.8488025210084033, 0.10762004690793094, 0.8214285714285714, 0.11193086990776047)
sigmoid  1        2    (0.7580156402737048, 0.01140599532189903, 0.0,                0.0,                 0.0,                0.0)
sigmoid  8        4    (0.7580156402737048, 0.01140599532189903, 0.0,                0.0,                 0.0,                0.0)

DT TRAIN
Depth    Accuracy,             Desviacion          F1,                  Desviacion           Precision,          Desviacion
1      (0.829606549364614,  0.06159794564305819,  0.7328442317916003, 0.08781852951676752,  0.6023526473526474, 0.10527710658826786)
3      (0.9559353616813295, 0.027024287477256534, 0.9105182072829132, 0.051605452865429335, 0.9196031746031746, 0.09964790622697249)
7      (0.9621914711632454, 0.02037740968208354,  0.9222829131652663, 0.04210687514095228,  0.9287698412698413, 0.08121978563827366)
9      (0.9433345552297165, 0.029089710744177842, 0.8790133232780292, 0.06827588197155082,  0.9077777777777778, 0.10211078198203247)
14     (0.9559353616813293, 0.026492615569822613, 0.9102768799827624, 0.05166571289254765,  0.9065476190476189, 0.08953985973487733)
21     (0.9527095552297163, 0.037236412264591484, 0.9002228327228327, 0.08188154576010356,  0.9022619047619047, 0.08736370445231326)

kNN TRAIN
Neighbors    Accuracy,                Desviacion             F1,                    Desviacion           Precision,             Desviacion
1          (0.9314210654936461,     0.4736566054529063,   0.8673352120875342,    0.8812302422362489,   0.8492748917748918,    0.127397999388049)
2          (0.9495906647116324,     0.30386413887233825,  0.8885191769015299,    0.7252184593374825,   0.9343253968253968,    0.7100138030454782)
3          (0.9466672776148582,     0.3629674305418555,   0.8989392599144921,    0.6534816822467819,   0.8603354978354979,    0.9586457882344273)
6          (0.9464656647116325,     0.4457842102216798,   0.883592616533793,     0.9763652437716388,   0.9236507936507937,    0.10721945136018466)
9          (0.9309353616813294,     0.6229955846423289,   0.8600720031602384,    0.12118632743688625,  0.8578174603174602,    0.13316290048915075)
11         (0.9244837487781035,     0.5373539790937311,   0.8417704517704519,    0.11344315945011948,  0.8516666666666666,    0.12214644115331298)
19         (0.9027034457478005,     0.6980046391860087,   0.7913162147450073,    0.15278929102043016,  0.806933621933622,     0.13041938526348792)
