9.600, 0.118, 0  		| IMAGE: 0 BOX: (548.0, 18.0)
0.833, 0.342, 0  		| IMAGE: 0 BOX: (570.0, 165.0)
0.900, 0.589, 0  		| IMAGE: 0 BOX: (656.5, 18.0)
1.000, 0.641, 0  		| IMAGE: 0 BOX: (933.0, 365.0)
0.471, 0.211, 0  		| IMAGE: 0 BOX: (958.0, 548.0)
1.143, 0.688, 0  		| IMAGE: 0 BOX: (1060.0, 55.0)
2.060, 0.094, 0  		| IMAGE: 0 BOX: (1203.0, 976.5)
1.167, 0.452, 0  		| IMAGE: 0 BOX: (1318.5, 108.0)
1.730, 0.015, 0  		| IMAGE: 1 BOX: (535.0, 44.0)
1.000, 0.640, 0  		| IMAGE: 1 BOX: (656.0, 18.0)
1.000, 0.605, 0  		| IMAGE: 1 BOX: (935.5, 374.5)
0.737, 0.207, 0  		| IMAGE: 1 BOX: (953.0, 550.5)
1.143, 0.692, 0  		| IMAGE: 1 BOX: (1060.0, 55.0)
1.469, 0.116, 0  		| IMAGE: 1 BOX: (1236.0, 1000.0)
1.098, 0.187, 0  		| IMAGE: 2 BOX: (343.5, 938.5)
1.345, 0.046, 0  		| IMAGE: 2 BOX: (401.0, 819.0)
2.000, 0.375, 0  		| IMAGE: 2 BOX: (415.0, 316.0)
11.750, 0.113, 0  		| IMAGE: 2 BOX: (619.0, 17.0)
1.071, 0.619, 0  		| IMAGE: 2 BOX: (1060.5, 55.0)
2.098, 0.151, 0  		| IMAGE: 2 BOX: (1477.0, 230.5)
0.549, 0.103, 0  		| IMAGE: 2 BOX: (1598.0, 609.0)
2.341, 0.178, 0  		| IMAGE: 3 BOX: (499.0, 432.0)
11.750, 0.102, 0  		| IMAGE: 3 BOX: (549.0, 19.0)
0.636, 0.207, 0  		| IMAGE: 3 BOX: (615.0, 570.0)
1.309, 0.041, 0  		| IMAGE: 3 BOX: (681.5, 950.0)
1.667, 0.683, 0  		| IMAGE: 3 BOX: (656.0, 20.0)
4.000, 0.457, 0  		| IMAGE: 3 BOX: (799.0, 787.0)
1.071, 0.657, 0  		| IMAGE: 3 BOX: (1060.5, 55.0)
3.775, 0.121, 0  		| IMAGE: 3 BOX: (1503.5, 192.0)
2.100, 0.187, 0  		| IMAGE: 3 BOX: (1872.0, 270.0)
1.857, 0.090, 0  		| IMAGE: 4 BOX: (462.0, 45.0)
9.800, 0.095, 0  		| IMAGE: 4 BOX: (620.0, 18.0)
1.000, 0.500, 0  		| IMAGE: 4 BOX: (775.0, 331.0)
0.833, 0.110, 0  		| IMAGE: 4 BOX: (932.0, 552.0)
1.143, 0.683, 0  		| IMAGE: 4 BOX: (1060.0, 55.0)
2.636, 0.277, 0  		| IMAGE: 4 BOX: (1112.0, 1052.0)
1.804, 0.071, 0  		| IMAGE: 4 BOX: (1218.0, 969.5)
5.654, 0.102, 0  		| IMAGE: 5 BOX: (528.5, 14.0)
1.111, 0.433, 0  		| IMAGE: 5 BOX: (656.0, 17.5)
0.549, 0.133, 0  		| IMAGE: 5 BOX: (961.0, 526.5)
1.071, 0.619, 0  		| IMAGE: 5 BOX: (1060.5, 55.0)
2.500, 0.378, 0  		| IMAGE: 5 BOX: (1095.5, 268.0)
1.508, 0.092, 0  		| IMAGE: 5 BOX: (1191.0, 989.5)
