1.47368421052631570000 0.24248120300751880000, 0  		| IMAGE: 0 BOX: (80.0, 126.5)
2.48148148148148140000 0.06799336650082918000, 0  		| IMAGE: 0 BOX: (232.5, 61.5)
0.58730158730158730000 0.10349635349635350000, 0  		| IMAGE: 0 BOX: (1310.0, 720.0)
1.47368421052631570000 0.24060150375939848000, 0  		| IMAGE: 1 BOX: (80.0, 126.5)
2.48148148148148140000 0.06909894969596461000, 0  		| IMAGE: 1 BOX: (232.5, 61.5)
1.16666666666666670000 0.52380952380952370000, 0  		| IMAGE: 1 BOX: (466.5, 287.0)
0.59200000000000000000 0.09437837837837838000, 0  		| IMAGE: 1 BOX: (1313.0, 718.5)
1.79220779220779210000 0.17579521927348013000, 0  		| IMAGE: 2 BOX: (70.0, 737.5)
3.10000000000000000000 0.42580645161290320000, 0  		| IMAGE: 2 BOX: (123.5, 88.0)
3.77777777777777770000 0.11437908496732027000, 0  		| IMAGE: 2 BOX: (288.0, 69.0)
0.35443037974683544000 0.09086799276672694000, 0  		| IMAGE: 2 BOX: (461.0, 58.5)
1.00000000000000000000 0.58333333333333330000, 0  		| IMAGE: 2 BOX: (684.0, 6.0)
0.58064516129032260000 0.10573476702508960000, 0  		| IMAGE: 2 BOX: (1310.0, 721.0)
1.70198675496688740000 0.12379209936351689000, 0  		| IMAGE: 3 BOX: (129.5, 783.5)
4.12500000000000000000 0.50000000000000000000, 0  		| IMAGE: 3 BOX: (149.5, 76.0)
2.83333333333333350000 0.08210784313725490000, 0  		| IMAGE: 3 BOX: (316.0, 81.0)
0.51562500000000000000 0.11742424242424243000, 0  		| IMAGE: 3 BOX: (605.5, 97.0)
1.00000000000000000000 0.38888888888888884000, 0  		| IMAGE: 3 BOX: (815.0, 33.0)
0.69178082191780820000 0.09399159093991590000, 0  		| IMAGE: 3 BOX: (1334.5, 776.0)
1.60273972602739720000 0.30502868516567144000, 0  		| IMAGE: 4 BOX: (179.0, 934.0)
0.88888888888888880000 0.22685185185185183000, 0  		| IMAGE: 4 BOX: (326.0, 90.5)
0.53731343283582090000 0.05887230514096186000, 0  		| IMAGE: 4 BOX: (411.0, 230.5)
5.37301587301587300000 0.07727837565356030000, 0  		| IMAGE: 4 BOX: (803.5, 1017.0)
2.07142857142857160000 0.40024630541871920000, 0  		| IMAGE: 4 BOX: (538.0, 273.0)
2.00000000000000000000 0.45833333333333330000, 0  		| IMAGE: 4 BOX: (1152.0, 973.0)
0.56000000000000000000 0.09188571428571428000, 0  		| IMAGE: 4 BOX: (1312.0, 718.5)
0.61538461538461540000 0.12019230769230770000, 0  		| IMAGE: 4 BOX: (1335.0, 347.0)
0.16279069767441862000 0.17607973421926912000, 0  		| IMAGE: 4 BOX: (1577.5, 160.5)
1.33333333333333330000 0.56250000000000000000, 0  		| IMAGE: 5 BOX: (18.0, 885.0)
4.28571428571428600000 0.22645502645502646000, 0  		| IMAGE: 5 BOX: (68.0, 983.5)
0.51562500000000000000 0.06202651515151515000, 0  		| IMAGE: 5 BOX: (376.5, 368.0)
0.21875000000000000000 0.59821428571428570000, 0  		| IMAGE: 5 BOX: (411.5, 206.0)
1.35643564356435650000 0.43087374430873740000, 0  		| IMAGE: 5 BOX: (478.5, 851.5)
1.17307692307692310000 0.32581967213114754000, 0  		| IMAGE: 5 BOX: (994.0, 857.0)
1.92857142857142860000 0.23273074661963550000, 0  		| IMAGE: 5 BOX: (1133.0, 1038.0)
1.30303030303030300000 0.34390415785764620000, 0  		| IMAGE: 5 BOX: (1102.5, 305.5)
0.56000000000000000000 0.09931428571428572000, 0  		| IMAGE: 5 BOX: (1310.0, 717.5)
4.72972972972973000000 0.32162162162162167000, 0  		| IMAGE: 5 BOX: (1745.0, 1043.0)
1.46875000000000000000 0.14112367021276595000, 0  		| IMAGE: 6 BOX: (48.0, 871.0)
4.12500000000000000000 0.56060606060606070000, 0  		| IMAGE: 6 BOX: (152.5, 79.0)
2.79166666666666650000 0.08830845771144279000, 0  		| IMAGE: 6 BOX: (318.5, 86.0)
0.34666666666666670000 0.14769230769230768000, 0  		| IMAGE: 6 BOX: (596.0, 145.5)
1.71428571428571420000 0.35714285714285710000, 0  		| IMAGE: 6 BOX: (828.0, 72.5)
0.75000000000000000000 0.08619493583073187000, 0  		| IMAGE: 6 BOX: (1320.5, 719.0)
0.42424242424242425000 0.33549783549783550000, 0  		| IMAGE: 7 BOX: (41.0, 271.5)
0.67741935483870960000 0.05145929339477726000, 0  		| IMAGE: 7 BOX: (99.0, 117.0)
0.59055118110236220000 0.13805774278215224000, 0  		| IMAGE: 7 BOX: (1311.5, 718.5)
0.34782608695652173000 0.08031400966183574000, 0  		| IMAGE: 8 BOX: (46.0, 233.5)
0.58620689655172410000 0.24543610547667344000, 0  		| IMAGE: 8 BOX: (99.5, 389.5)
0.50393700787401570000 0.14000984251968504000, 0  		| IMAGE: 8 BOX: (1309.0, 721.5)
1.10000000000000000000 0.04618181818181818000, 0  		| IMAGE: 9 BOX: (77.5, 362.0)
1.82352941176470580000 0.26755218216318790000, 0  		| IMAGE: 9 BOX: (222.5, 440.5)
0.56250000000000000000 0.10611979166666666000, 0  		| IMAGE: 9 BOX: (1310.0, 719.0)
1.36363636363636350000 0.05265151515151515000, 0  		| IMAGE: 10 BOX: (87.0, 374.0)
3.00000000000000000000 0.41666666666666670000, 0  		| IMAGE: 10 BOX: (238.0, 440.0)
0.54761904761904770000 0.11582700713135495000, 0  		| IMAGE: 10 BOX: (1311.5, 720.0)
0.26086956521739130000 0.11191626409017713000, 0  		| IMAGE: 11 BOX: (51.0, 197.5)
0.43750000000000000000 0.31250000000000000000, 0  		| IMAGE: 11 BOX: (75.0, 361.0)
0.51587301587301590000 0.15213675213675212000, 0  		| IMAGE: 11 BOX: (1306.5, 719.0)
0.48387096774193550000 0.27956989247311825000, 0  		| IMAGE: 12 BOX: (39.5, 264.5)
0.79310344827586210000 0.05209895052473762600, 0  		| IMAGE: 12 BOX: (113.0, 116.0)
0.66666666666666660000 0.10918877354863514000, 0  		| IMAGE: 12 BOX: (1342.0, 787.5)
0.72222222222222220000 0.06250000000000000000, 0  		| IMAGE: 13 BOX: (43.0, 282.0)
0.65079365079365080000 0.05497483546264034000, 0  		| IMAGE: 13 BOX: (111.5, 141.5)
1.33333333333333330000 0.64583333333333330000, 0  		| IMAGE: 13 BOX: (1159.0, 387.0)
0.57575757575757580000 0.06877990430622010000, 0  		| IMAGE: 13 BOX: (1320.0, 738.0)
0.77142857142857150000 0.06269841269841270000, 0  		| IMAGE: 14 BOX: (46.0, 308.0)
0.57142857142857140000 0.06172839506172839000, 0  		| IMAGE: 14 BOX: (105.0, 162.5)
1.66666666666666670000 0.75000000000000000000, 0  		| IMAGE: 14 BOX: (1159.0, 348.0)
2.09677419354838700000 0.13498759305210917000, 0  		| IMAGE: 14 BOX: (1318.5, 702.5)
0.84848484848484850000 0.06845238095238096000, 0  		| IMAGE: 15 BOX: (51.0, 336.0)
0.42857142857142855000 0.66666666666666660000, 0  		| IMAGE: 15 BOX: (109.0, 164.0)
1.78571428571428580000 0.13174603174603175000, 0  		| IMAGE: 15 BOX: (1315.5, 703.0)
0.84848484848484850000 0.06060606060606061000, 0  		| IMAGE: 16 BOX: (49.0, 344.0)
0.49230769230769234000 0.06201923076923077000, 0  		| IMAGE: 16 BOX: (100.0, 194.5)
1.09558823529411780000 0.09726608764311093000, 0  		| IMAGE: 16 BOX: (1345.5, 745.0)
0.56666666666666670000 0.27450980392156865000, 0  		| IMAGE: 17 BOX: (34.5, 306.0)
0.92727272727272720000 0.04741532976827094600, 0  		| IMAGE: 17 BOX: (119.5, 165.5)
1.66666666666666670000 0.48333333333333334000, 0  		| IMAGE: 17 BOX: (450.0, 975.0)
1.10769230769230780000 0.09268162393162394000, 0  		| IMAGE: 17 BOX: (1344.0, 739.0)
2.06666666666666700000 0.31397849462365590000, 0  		| IMAGE: 18 BOX: (42.5, 155.5)
3.68421052631578940000 0.10751879699248121000, 0  		| IMAGE: 18 BOX: (203.0, 120.5)
1.33333333333333330000 0.17187500000000000000, 0  		| IMAGE: 18 BOX: (1317.0, 713.0)
1.41463414634146330000 0.05088309503784693000, 0  		| IMAGE: 19 BOX: (283.0, 124.5)
1.08333333333333330000 0.13069073783359497000, 0  		| IMAGE: 19 BOX: (1320.5, 702.0)
3.83333333333333350000 0.10628019323671498000, 0  		| IMAGE: 20 BOX: (205.5, 119.0)
1.00000000000000000000 0.14682489584648403000, 0  		| IMAGE: 20 BOX: (1318.5, 704.5)
0.91071428571428570000 0.04621848739495798600, 0  		| IMAGE: 21 BOX: (113.5, 177.0)
2.27272727272727300000 0.10295454545454545000, 0  		| IMAGE: 21 BOX: (729.0, 51.0)
0.69841269841269840000 0.12346681096681096000, 0  		| IMAGE: 21 BOX: (1320.0, 720.0)
2.34482758620689640000 0.06795131845841784000, 0  		| IMAGE: 22 BOX: (171.0, 136.5)
1.72727272727272730000 0.05857505980861244000, 0  		| IMAGE: 22 BOX: (329.0, 753.0)
1.09701492537313430000 0.08005888922733272000, 0  		| IMAGE: 22 BOX: (1342.5, 744.0)
1.85714285714285720000 0.35920329670329670000, 0  		| IMAGE: 23 BOX: (27.0, 1063.0)
4.71428571428571400000 0.60173160173160180000, 0  		| IMAGE: 23 BOX: (72.5, 115.5)
2.54861111111111100000 0.06637431880108992000, 0  		| IMAGE: 23 BOX: (425.0, 877.0)
0.40000000000000000000 0.58125000000000000000, 0  		| IMAGE: 23 BOX: (213.0, 128.0)
2.40000000000000000000 0.34166666666666670000, 0  		| IMAGE: 23 BOX: (705.0, 696.0)
1.09629629629629630000 0.07277277277277278000, 0  		| IMAGE: 23 BOX: (1347.0, 740.5)
1.66141732283464560000 0.24040937418367725000, 0  		| IMAGE: 24 BOX: (212.0, 953.0)
0.78260869565217400000 0.06119162640901771400, 0  		| IMAGE: 24 BOX: (60.0, 129.5)
3.57894736842105270000 0.10758513931888546000, 0  		| IMAGE: 24 BOX: (216.0, 140.5)
2.35714285714285700000 0.15584415584415584000, 0  		| IMAGE: 24 BOX: (331.5, 796.0)
2.18918918918918900000 0.03928928928928929000, 0  		| IMAGE: 24 BOX: (465.0, 732.0)
0.71093750000000000000 0.12508585164835165000, 0  		| IMAGE: 24 BOX: (1319.5, 722.0)
0.27906976744186046000 0.11240310077519380000, 0  		| IMAGE: 25 BOX: (26.0, 249.0)
1.51219512195121950000 0.05232100708103855400, 0  		| IMAGE: 25 BOX: (155.0, 170.5)
1.13385826771653540000 0.07524059492563430000, 0  		| IMAGE: 25 BOX: (1341.0, 718.5)
0.69444444444444440000 0.05750000000000000000, 0  		| IMAGE: 26 BOX: (54.0, 361.0)
0.64516129032258060000 0.04919354838709677500, 0  		| IMAGE: 26 BOX: (120.0, 221.0)
1.10937500000000000000 0.08951364436619719000, 0  		| IMAGE: 26 BOX: (1340.0, 722.0)
1.08148148148148150000 0.09462201927955352000, 0  		| IMAGE: 27 BOX: (1350.0, 741.5)
0.77419354838709680000 0.11962365591397850000, 0  		| IMAGE: 28 BOX: (529.0, 174.5)
1.37500000000000000000 0.20951704545454547000, 0  		| IMAGE: 28 BOX: (654.0, 17.0)
1.05263157894736840000 0.37426900584795320000, 0  		| IMAGE: 28 BOX: (707.0, 172.5)
1.08148148148148150000 0.09802130898021309000, 0  		| IMAGE: 28 BOX: (1353.0, 745.5)
1.08139534883720920000 0.15653913478369594000, 0  		| IMAGE: 29 BOX: (1319.5, 704.0)
2.50000000000000000000 0.21652892561983470000, 0  		| IMAGE: 29 BOX: (1362.5, 117.0)
1.20370370370370370000 0.39316239316239315000, 0  		| IMAGE: 29 BOX: (1392.5, 243.0)
1.06818181818181810000 0.14385880077369440000, 0  		| IMAGE: 30 BOX: (1322.0, 702.0)
0.75000000000000000000 0.43750000000000000000, 0  		| IMAGE: 30 BOX: (1615.0, 277.0)
7.60000000000000000000 0.34210526315789475000, 0  		| IMAGE: 30 BOX: (1833.0, 30.5)
1.09333333333333330000 0.48715447154471550000, 0  		| IMAGE: 30 BOX: (1879.0, 184.5)
