DATA
Any[
("Frames/edition1/frame23_194.png", (210.0, 596.0), 3.5384615384615383, 0.2654682274247492), 
("Frames/edition1/frame23_194.png", (384.0, 664.0), 0.59, 0.10707627118644068), 
("Frames/edition1/frame23_194.png", (523.0, 25.0), 8.777777777777779, 0.046413502109704644), 
("Frames/edition1/frame23_194.png", (656.0, 20.0), 1.6666666666666667, 0.5833333333333334), 
("Frames/edition1/frame23_194.png", (724.5, 876.0), 2.9, 0.6241379310344828), 
("Frames/edition1/frame23_194.png", (1084.0, 55.5), 0.8571428571428571, 0.5238095238095237), 
("Frames/edition1/frame23_194.png", (1448.0, 182.0), 1.6, 0.4625)]


DATA
Any[
("Frames/edition1/frame23_22.png", (520.0, 26.0), 5.133333333333334, 0.03593073593073593), 
("Frames/edition1/frame23_22.png", (656.0, 18.0), 1.0, 0.61), 
("Frames/edition1/frame23_22.png", (813.5, 52.0), 0.8333333333333334, 0.5), 
("Frames/edition1/frame23_22.png", (1110.0, 592.5), 0.5470085470085471, 0.07091346153846155), 
("Frames/edition1/frame23_22.png", (1310.0, 182.0), 0.75, 0.14244521337946944), 
("Frames/edition1/frame23_22.png", (1359.0, 320.0), 1.4, 0.3142857142857143), 
("Frames/edition1/frame23_22.png", (1519.0, 120.0), 2.185185185185185, 0.09133709981167609)]

DATA
Any[
("Frames/edition1/frame23_205.png", (522.0, 26.0), 5.333333333333333, 0.04729166666666667), 
("Frames/edition1/frame23_205.png", (656.0, 18.0), 1.0, 0.6), 
("Frames/edition1/frame23_205.png", (1084.5, 55.0), 0.875, 0.5357142857142857), 
("Frames/edition1/frame23_205.png", (1873.0, 135.0), 1.0, 0.0821875)]

DATA
Any[
("Frames/enemy/frame24_130.png", (548.0, 18.5), 10.88888888888889, 0.10657596371882086), 
("Frames/enemy/frame24_130.png", (655.0, 18.0), 0.8, 0.5875), 
("Frames/enemy/frame24_130.png", (989.0, 247.0), 0.2857142857142857, 0.4464285714285714), ("Frames/enemy/frame24_130.png", (1060.0, 55.0), 1.1428571428571428, 0.6919642857142857), ("Frames/enemy/frame24_130.png", (1071.0, 1040.5), 4.666666666666667, 0.4894179894179894), ("Frames/enemy/frame24_130.png", (1069.0, 415.0), 0.2857142857142857, 0.6071428571428571), ("Frames/enemy/frame24_130.png", (1161.0, 948.5), 2.903225806451613, 0.2111111111111111)]

DATA
Any[
("Frames/edition1/frame23_195.png", (549.5, 377.0), 0.8333333333333334, 0.06390392891850619), 
("Frames/edition1/frame23_195.png", (522.0, 27.0), 5.0, 0.046289062500000006), ("Frames/edition1/frame23_195.png", (497.0, 821.5), 0.6666666666666666, 0.4557823129251701), 
("Frames/edition1/frame23_195.png", (656.0, 18.5), 1.1111111111111112, 0.6), ("Frames/edition1/frame23_195.png", (1084.0, 55.0), 0.75, 0.5), 
("Frames/edition1/frame23_195.png", (1442.5, 29.5), 0.7142857142857143, 0.3142857142857143), 
("Frames/edition1/frame23_195.png", (1449.0, 181.0), 1.2857142857142858, 0.3412698412698413), 
("Frames/edition1/frame23_195.png", (1876.0, 290.0), 0.8095238095238095, 0.07755602240896359)]


1920 x 1080
